alpha: 0.9481053068215117
beta: 1.2535159135991036
